0 25.2621 25.2121
1 25.1773 25.1041
2 25.1242 25.0653
3 25.1075 25.0339
4 25.2716 25.2742
5 25.2157 25.2444
6 25.1804 25.1838
7 25.1636 25.1518
8 25.1489 25.1215
9 25.1136 25.0834
10 25.0883 25.0476
11 25.0882 25.0635
12 25.0979 25.0919
13 25.0679 25.0647
14 25.0293 25.0321
15 25.0294 25.0151
16 25.1725 25.1599
17 25.1211 25.1076
18 25.093 25.073
19 25.0638 25.0497
20 25.2544 25.1814
21 25.2093 25.1161
22 25.1667 25.085
23 25.1389 25.0747
24 25.1033 25.0933
25 25.07 25.0487
26 25.0421 25.0195
27 25.0435 25.0473
28 25.1366 25.1058
29 25.1075 25.069
30 25.0895 25.0372
31 25.2896 25.1075
